file_name='CDMSlite_Soudan_170eVee_SI_proj.limit'

file_status='public'

data_label='CDMSlite Soudan, 170eVee, SI proj. lim.(2013)'

data_comment='Cross-section data for scalar interaction normalised to nucleon'

data_reference='Available in SUSY 2013, <a href ="http://susy2013.ictp.it/sessions_timetable.html">Dark Matter and Cosmology Session</a>, <a href ="http://susy2013.ictp.it/lecturenotes/04_Thursday/Dark_Matter_and_Cosmology/Villano.pdf">Talk</a> by A.Villano'

private_comment=''

data_typeoflimit = {'Exclusion Plot','SI-Proj'}

formdefault_checked = 'checked'

formdefault_color = 'DkR'

formdefault_style = 'Line'

data_units = {'GeV', 'cm^2'}

data_values = [2.658	8.6237e-40
2.6306	8.9489e-40
2.6579	8.3103e-40
2.7696	4.9492e-40
2.8862	3.2937e-40
2.8565	3.5468e-40
2.886	3.174e-40
3.0077	2.192e-40
3.1344	1.5138e-40
3.2666	1.0849e-40
3.4045	8.372e-41
3.5486	6.9573e-41
3.6985	5.3691e-41
3.855	4.4619e-41
4.0183	3.9929e-41
4.1885	3.4433e-41
4.3658	2.9694e-41
4.5507	2.5607e-41
4.7435	2.2915e-41
4.9447	2.128e-41
5.1544	1.9762e-41
5.3731	1.8351e-41
5.6009	1.7042e-41
5.8385	1.5825e-41
6.0863	1.525e-41
6.3447	1.4696e-41
6.6139	1.4162e-41
6.8947	1.3647e-41
7.1874	1.3151e-41
7.4925	1.2673e-41
7.8105	1.2213e-41
8.1424	1.2213e-41
8.4883	1.2213e-41
8.8489	1.2213e-41
9.2248	1.2213e-41
9.6167	1.2213e-41
10.0252	1.2213e-41
10.4515	1.2673e-41
10.8959	1.3151e-41
11.3591	1.3647e-41
11.8417	1.3647e-41
12.3452	1.4162e-41
12.8696	1.4162e-41
13.4168	1.4696e-41
13.9872	1.525e-41
14.5819	1.5825e-41
15.202	1.6422e-41
15.8483	1.7042e-41
16.5222	1.7684e-41
17.2246	1.8351e-41
17.9569	1.9043e-41
18.7199	1.9043e-41
19.5158	1.9762e-41
20.135	2.0507e-41
];

data_values_rescale = [1 1]

param_halodensity = 0.3;

param_halovelocity = 220;
