file_name='CDMS_091217_Ge_c58.limit'

file_status='public'

data_label='CDMS: 2009 Ge'

data_comment='Cross-section data for scalar interaction normalised to nucleon'

data_reference='Announced 17Dec2009, <a href="http://arxiv.org/abs/0912.3592">arXiv:0912.3592</a>'

private_comment='c58 (10 keV)'

data_typeoflimit = {'Exclusion Plot','SI-Exp'}

formdefault_checked = ''

formdefault_color = 'Red'

formdefault_style = 'Line'

data_units = {'GeV', 'cm^2'}

data_values = [
10.1881788  2.39758778e-41
10.4504933  1.34971241e-41
10.7195617  8.67951113e-42
10.9955577  6.44651622e-42
11.2786598  5.83044373e-42
11.5690508  5.19800104e-42
11.8669186  4.33856521e-42
12.1724556  3.57506063e-42
12.4858592  2.75220407e-42
12.8073319  2.63224155e-42
13.1370817  2.30515158e-42
13.4753215  2.03117881e-42
13.8222699  1.80181585e-42
14.1781512  1.60780902e-42
14.5431953  1.42039108e-42
14.9176382  1.23909371e-42
15.3017219  1.08258462e-42
15.6956946  9.52367435e-43
16.0998108  8.38266611e-43
16.5143318  7.46689774e-43
16.9395255  6.72944503e-43
17.3756666  6.02526912e-43
 17.823037  5.45435153e-43
18.2819259  4.99024818e-43
18.7526297  4.56003699e-43
19.2354527  4.18448619e-43
19.7307069  3.85573884e-43
20.2387124  3.54537078e-43
20.7597975  3.31140822e-43
 21.294299  3.06726952e-43
21.8425622  2.86722868e-43
22.4049416  2.68931402e-43
22.9818005  2.53008933e-43
23.5735118  2.40124421e-43
24.1804578  2.27246612e-43
24.8030308  2.14335373e-43
25.4416332  2.03851267e-43
26.0966776  1.94417257e-43
26.7685875  1.85837888e-43
27.4577969  1.79078273e-43
28.1647515  1.70938444e-43
28.8899079  1.64504285e-43
29.6337349  1.59509983e-43
30.3967132  1.53227742e-43
31.1793358  1.49144128e-43
31.9821086  1.43797858e-43
32.8055503  1.39641484e-43
33.6501932  1.36706996e-43
 34.516583  1.32466266e-43
35.4052797   1.2724381e-43
36.3168577  1.22028219e-43
 37.251906  1.17303901e-43
38.2110289   1.1302095e-43
39.1948464  1.09093478e-43
40.2039941  1.05571132e-43
41.2391243  1.02346879e-43
42.3009059    9.939839e-44
43.3900252  9.67348104e-44
 44.507186  9.42926812e-44
45.6531103  9.20774113e-44
46.8285386  9.00630546e-44
48.0342307  8.82333258e-44
49.2709656  8.65739025e-44
50.5395426  8.51207075e-44
51.8407817  8.37662881e-44
53.1755237  8.25483189e-44
54.5446312  8.14576454e-44
55.9489891  8.04908075e-44
57.3895049  7.95984874e-44
58.8671096  7.88582564e-44
60.3827581  7.82156449e-44
61.9374299  6.79739013e-44
63.5321298  6.75640682e-44
65.1678883  6.72029804e-44
66.8457626  6.68983783e-44
68.5668371   6.6671458e-44
 70.332224  6.65159095e-44
72.1430642  6.64233148e-44
74.0005281  6.63919089e-44
75.9058159  6.64002962e-44
77.8601591  6.64778506e-44
79.8648207  6.66211045e-44
81.9210962  6.68178381e-44
84.0303146  6.70582858e-44
86.1938388  6.73462907e-44
88.4130673  6.76864942e-44
 90.689434  6.80750545e-44
93.0244103  6.85111655e-44
95.4195051   6.8994068e-44
97.8762663  6.95231821e-44
100.396282  7.00979956e-44
 102.98118    7.071814e-44
105.632631  7.13832925e-44
108.352349  7.20931803e-44
111.142091  7.28476835e-44
114.003661   7.3646737e-44
116.938908  7.44903567e-44
119.949728  7.53785408e-44
123.038067   7.6311442e-44
126.205922  7.72892499e-44
 129.45534  7.83122149e-44
 132.78842  7.93884798e-44
136.207317  8.05087359e-44
 139.71424   8.1673213e-44
143.311455  8.28862773e-44
147.001288  8.41464966e-44
150.786123  8.54543544e-44
154.668405  8.68100678e-44
158.650645   8.8214653e-44
162.735415  8.96688913e-44
166.925356  9.11735387e-44
171.223174  9.27293551e-44
175.631649  9.43372109e-44
180.153628  9.59998884e-44
184.792034  9.77145249e-44
189.549865   9.9483961e-44
194.430196  1.01309205e-43
199.436181  1.03191319e-43
204.571054  1.05131403e-43
209.838135  1.07130602e-43
215.240827  1.09190107e-43
220.782621  1.11311155e-43
  226.4671  1.13495025e-43
232.297937  1.15743048e-43
  238.2789  1.18056595e-43
244.413855  1.20437092e-43
250.706767  1.22886032e-43
257.161701  1.25404875e-43
 263.78283  1.27995218e-43
270.574434  1.30658677e-43
  277.5409  1.33396918e-43
284.686731   1.3621166e-43
292.016546  1.39104674e-43
299.535082  1.42077784e-43
307.247196  1.45132869e-43
315.157874  1.48277852e-43
323.272228  1.51502115e-43
331.595502  1.54814434e-43
340.133075  1.58217039e-43
348.890464  1.61711771e-43
357.873329   1.6530101e-43
367.087475  1.68987037e-43
376.538858  1.72772204e-43
386.233585  1.76658925e-43
396.177922   1.8064964e-43
406.378295  1.84746984e-43
416.841296  1.88953276e-43
427.573688  1.93271764e-43
438.582406  1.97704768e-43
449.874565  2.02255404e-43
461.457463  2.06926528e-43
473.338585  2.11719297e-43
 485.52561  2.16640482e-43
498.026413  2.21691367e-43
510.849074  2.26875184e-43
524.001879  2.32195266e-43
537.493329  2.37655044e-43
551.332143  2.43258038e-43
565.527264  2.49007856e-43
580.087866  2.54908205e-43
595.023359   2.6096289e-43
610.343395  2.67175813e-43
626.057876  2.73550992e-43
642.176956  2.80092516e-43
658.711054  2.86804622e-43
675.670854  2.93691637e-43
693.067317  3.00757814e-43
710.911687   3.0800809e-43
729.215494  3.15446959e-43
747.990569  3.23079223e-43
767.249044  3.30909807e-43
787.003366  3.38943754e-43
807.266302  3.47186278e-43
828.050947  3.55642688e-43
849.370733  3.64318444e-43
871.239439  3.73219149e-43
893.671196  3.82350553e-43
916.680504  3.91718549e-43
 940.28223  4.01329192e-43
964.491629  4.11188781e-43
989.324347    4.213035e-43
1014.79643  4.31679976e-43
1040.92434   4.4232491e-43
1067.72497  4.53245223e-43
1095.21563  4.64447884e-43
1123.41409  4.75940173e-43
1152.33858  4.87729514e-43
1182.00778  4.99823524e-43
1212.44088  5.12230017e-43
1243.65753   5.2495701e-43
1275.67792  5.38012725e-43
1308.52273  5.51405597e-43
 1342.2132  5.65144281e-43
 1376.7711  5.79236927e-43
1412.21875  5.93694077e-43
1448.57908  6.08524364e-43
1485.87557  6.23737369e-43
1524.13233  6.39342925e-43
1563.37409  6.55351106e-43
1603.62621  6.71772273e-43
1644.91469   6.8861703e-43
1687.26622  7.05896262e-43
1730.70818  7.23621135e-43
1775.26864  7.41803102e-43
1820.97639  7.60453913e-43
1867.86098  7.79585621e-43
 1915.9527  7.99210589e-43
1965.28264    8.193415e-43
2015.88267  8.39991362e-43
 2067.7855   8.6117352e-43
2121.02467  8.82901653e-43
2175.63459  9.05189822e-43
2231.65054   9.2805242e-43
2289.10873  9.51504223e-43
 2348.0463  9.75560386e-43
2408.50133  1.00023645e-42
2470.51289  1.02554838e-42
2534.12106  1.05151251e-42
2599.36695  1.07814563e-42
2666.29272  1.10546496e-42
2734.94162  1.13348814e-42
2805.35803  1.16223039e-42
2877.58744  1.19171615e-42
2951.67654  1.22196137e-42
 3027.6732  1.25298574e-42
3105.62655  1.28480929e-42
3185.58696  1.31745261e-42
3267.60611  1.35093678e-42
  3351.737  1.38528344e-42
  3438.034   1.4205148e-42
3526.55289  1.45665362e-42
3617.35087  1.49372325e-42
3710.48662  1.53174765e-42
3806.02033   1.5707514e-42
3904.01375   1.6107597e-42
4004.53019  1.65179841e-42
4107.63463  1.69389405e-42
4213.39369  1.73707382e-42
4321.87573  1.78136563e-42
4433.15084   1.8267981e-42
4547.29095  1.87340061e-42
4664.36982  1.92120325e-42
4784.46312  1.97023693e-42
4907.64845  2.02053282e-42
5034.00543  2.07212444e-42
5163.61571  2.12504463e-42
5296.56306  2.17932759e-42
 5432.9334  2.23499732e-42
5572.81487  2.29211169e-42
5716.29785   2.3506968e-42
5863.47508  2.41079051e-42
6014.44168  2.47243166e-42
6169.29521  2.53566009e-42
6328.13574  2.60051665e-42
6491.06593  2.66704327e-42
6658.19108  2.73528293e-42
6829.61919  2.80527974e-42
7005.46105  2.87707876e-42
 7185.8303  2.95072673e-42
7370.84351  3.02627109e-42
7560.62025  3.10376064e-42
7755.28315  3.18324548e-42
7954.95804  3.26477696e-42
8159.77394  3.34840779e-42
8369.86323    3.434192e-42
8585.36168  3.52218504e-42
8806.40855  3.61244378e-42
9033.14671  3.70502654e-42
9265.72268  3.79999316e-42
9504.28677  3.89740501e-42
9748.99316  3.99732577e-42
     10000  4.09981859e-42]

param_halodensity = 0.3

param_halovelocity = 220
