file_name='COUPP_2012.limit'

file_status='public'

data_label='COUPP, SI upper limit (2012)'

data_comment='Spin-independent cross section for WIMP-proton elastic scattering'

data_reference='<a href="http://link.aps.org/doi/10.1103/PhysRevD.86.052001">PhysRevD.86.052001</a>'

private_comment=''

data_typeoflimit = {'Exclusion Plot','SI-Exp'}

formdefault_checked = 'checked'

formdefault_color = 'LtB'

formdefault_style = 'Line'

data_units = {'GeV', 'cm^2'}

data_values = [
10.0911000000000	9.17080000000000e-41
10.3065000000000	8.05410000000000e-41
10.5265000000000	6.12300000000000e-41
10.7511000000000	5.30040000000000e-41
10.9806000000000	4.52260000000000e-41
11.2150000000000	3.85890000000000e-41
11.4544000000000	3.29260000000000e-41
11.6989000000000	2.72950000000000e-41
11.9485000000000	2.36280000000000e-41
12.2036000000000	2.01610000000000e-41
12.4641000000000	1.67130000000000e-41
12.7301000000000	1.44680000000000e-41
13.0018000000000	1.30780000000000e-41
13.2793000000000	9.94250000000000e-42
13.5628000000000	9.11800000000000e-42
13.8521000000000	7.78000000000000e-42
14.1479000000000	6.63830000000000e-42
14.4499000000000	5.82990000000000e-42
14.7583000000000	5.19440000000000e-42
15.0733000000000	4.56190000000000e-42
15.3950000000000	4.00640000000000e-42
15.7236000000000	3.51860000000000e-42
16.0592000000000	3.09010000000000e-42
16.4020000000000	2.71380000000000e-42
16.7521000000000	2.34920000000000e-42
17.1096000000000	2.06320000000000e-42
17.4748000000000	1.86500000000000e-42
17.8477000000000	1.66170000000000e-42
18.2287000000000	1.50210000000000e-42
18.6178000000000	1.35780000000000e-42
19.0152000000000	1.20980000000000e-42
19.4210000000000	1.10950000000000e-42
19.8355000000000	1.01750000000000e-42
20.2589000000000	9.19730000000000e-43
20.6913000000000	8.43460000000000e-43
21.1330000000000	7.73520000000000e-43
21.5840000000000	7.19690000000000e-43
22.0447000000000	6.41240000000000e-43
22.5152000000000	5.96610000000000e-43
22.9958000000000	5.63150000000000e-43
23.4866000000000	5.23960000000000e-43
23.9879000000000	4.87490000000000e-43
24.4999000000000	4.47070000000000e-43
25.0228000000000	4.28130000000000e-43
25.5569000000000	3.98340000000000e-43
26.1024000000000	3.81460000000000e-43
26.6595000000000	3.60070000000000e-43
27.2285000000000	3.39880000000000e-43
27.8096000000000	3.20820000000000e-43
28.4033000000000	3.07230000000000e-43
29.0095000000000	2.94220000000000e-43
29.6287000000000	2.77720000000000e-43
30.2610000000000	2.62150000000000e-43
30.9070000000000	2.51040000000000e-43
31.5667000000000	2.40410000000000e-43
32.2404000000000	2.30230000000000e-43
32.9285000000000	2.20470000000000e-43
33.6314000000000	2.14200000000000e-43
34.3492000000000	2.08110000000000e-43
35.0823000000000	2.02190000000000e-43
35.8311000000000	1.96440000000000e-43
36.5958000000000	1.93630000000000e-43
37.3770000000000	1.88120000000000e-43
38.1748000000000	1.82770000000000e-43
38.9896000000000	1.77570000000000e-43
39.8218000000000	1.72520000000000e-43
40.6717000000000	1.70050000000000e-43
41.5398000000000	1.67610000000000e-43
42.4264000000000	1.65210000000000e-43
43.3320000000000	1.62850000000000e-43
44.2569000000000	1.60510000000000e-43
45.2015000000000	1.58220000000000e-43
46.1663000000000	1.55950000000000e-43
47.1517000000000	1.53720000000000e-43
48.1581000000000	1.51510000000000e-43
49.1859000000000	1.49340000000000e-43
50.2358000000000	1.47200000000000e-43
51.3080000000000	1.45100000000000e-43
52.4031000000000	1.45100000000000e-43
53.5215000000000	1.45100000000000e-43
54.6640000000000	1.45100000000000e-43
55.8307000000000	1.43020000000000e-43
57.0223000000000	1.43020000000000e-43
58.2394000000000	1.43020000000000e-43
59.4825000000000	1.40970000000000e-43
60.7521000000000	1.40970000000000e-43
62.0488000000000	1.40970000000000e-43
63.3731000000000	1.40970000000000e-43
64.7258000000000	1.40970000000000e-43
66.1073000000000	1.40970000000000e-43
67.5183000000000	1.40970000000000e-43
68.9594000000000	1.43020000000000e-43
70.4312000000000	1.43020000000000e-43
71.9344000000000	1.43020000000000e-43
73.4699000000000	1.43020000000000e-43
75.0380000000000	1.45100000000000e-43
76.6396000000000	1.45100000000000e-43
78.2753000000000	1.45100000000000e-43
79.9461000000000	1.47200000000000e-43
81.6524000000000	1.47200000000000e-43
83.3953000000000	1.49340000000000e-43
85.1752000000000	1.49340000000000e-43
86.9931000000000	1.51510000000000e-43
88.8500000000000	1.53720000000000e-43
90.7464000000000	1.53720000000000e-43
92.6833000000000	1.55950000000000e-43
94.6615000000000	1.58220000000000e-43
96.6820000000000	1.58220000000000e-43
98.7456000000000	1.60510000000000e-43
100.853200000000	1.62850000000000e-43
103.005800000000	1.62850000000000e-43
105.204300000000	1.65210000000000e-43
107.449800000000	1.67610000000000e-43
109.743100000000	1.70050000000000e-43
112.085600000000	1.72520000000000e-43
114.477900000000	1.75030000000000e-43
116.921300000000	1.77570000000000e-43
119.416900000000	1.80150000000000e-43
121.965700000000	1.80150000000000e-43
124.568900000000	1.82770000000000e-43
127.227700000000	1.85430000000000e-43
129.943300000000	1.88120000000000e-43
132.716800000000	1.90850000000000e-43
135.549500000000	1.93630000000000e-43
138.442600000000	1.96440000000000e-43
141.397500000000	1.99300000000000e-43
144.415500000000	2.02190000000000e-43
147.497900000000	2.08110000000000e-43
150.646100000000	2.11140000000000e-43
153.861500000000	2.14200000000000e-43
157.145500000000	2.17320000000000e-43
160.499600000000	2.20470000000000e-43
163.925300000000	2.23680000000000e-43
167.424100000000	2.26930000000000e-43
170.997600000000	2.30230000000000e-43
174.647400000000	2.33570000000000e-43
178.375000000000	2.40410000000000e-43
182.182200000000	2.43900000000000e-43
186.070700000000	2.47450000000000e-43
190.042200000000	2.51040000000000e-43
194.098500000000	2.54690000000000e-43
198.241300000000	2.62150000000000e-43
202.472500000000	2.65960000000000e-43
206.794100000000	2.69820000000000e-43
211.207900000000	2.73740000000000e-43
215.715900000000	2.77720000000000e-43
220.320100000000	2.85850000000000e-43
225.022600000000	2.90010000000000e-43
229.825500000000	2.94220000000000e-43
234.730900000000	2.98500000000000e-43
239.741000000000	3.07230000000000e-43
244.858000000000	3.11700000000000e-43
250.084200000000	3.16230000000000e-43
255.422000000000	3.20820000000000e-43
260.873700000000	3.30220000000000e-43
266.441800000000	3.35010000000000e-43
272.128700000000	3.39880000000000e-43
277.937000000000	3.49830000000000e-43
283.869300000000	3.54920000000000e-43
289.928200000000	3.60070000000000e-43
296.116400000000	3.70610000000000e-43
302.436700000000	3.76000000000000e-43
308.891900000000	3.81460000000000e-43
315.484900000000	3.87010000000000e-43
322.218600000000	3.98340000000000e-43
329.096000000000	4.04130000000000e-43
336.120200000000	4.15960000000000e-43
343.294300000000	4.22000000000000e-43
350.621600000000	4.28130000000000e-43
358.105200000000	4.40670000000000e-43
365.748600000000	4.47070000000000e-43
373.555100000000	4.53570000000000e-43
381.528200000000	4.66850000000000e-43
389.671600000000	4.73630000000000e-43
397.988700000000	4.87490000000000e-43
406.483300000000	4.94580000000000e-43
415.159300000000	5.01770000000000e-43
424.020400000000	5.16460000000000e-43
433.070700000000	5.23960000000000e-43
442.314100000000	5.39300000000000e-43
451.754900000000	5.47140000000000e-43
461.397100000000	5.55090000000000e-43
471.245100000000	5.71340000000000e-43
481.303300000000	5.79640000000000e-43
491.576300000000	5.96610000000000e-43
502.068400000000	6.05280000000000e-43
512.784600000000	6.14070000000000e-43
523.729400000000	6.32050000000000e-43
534.907800000000	6.41240000000000e-43
546.324900000000	6.50550000000000e-43
557.985600000000	6.69600000000000e-43
569.895200000000	6.79330000000000e-43
582.059000000000	6.99220000000000e-43
594.482500000000	7.09380000000000e-43
607.171100000000	7.19690000000000e-43
620.130500000000	7.40750000000000e-43
633.366500000000	7.51520000000000e-43
