file_name = 'CRESSTII_Sept2011_allowed_2sig.limit'

file_status = 'public'

data_label = 'CRESST-II 2-sigma Allowed Region part 1, 730kg-days data'

data_comment = 'Sigma normalized to WIMP-Nucleon'

data_reference = 'Results from the 730 kg days of the CRESST-II Dark Matter Search (<a href ="http://arxiv.org/abs/1109.0702">arXiv:1109.0702</a>)'

data_typeoflimit = {'Exclusion Plot', 'SI-Exp'}

formdefault_checked = 'checked'

formdefault_color = 'Blu'

formdefault_style = 'Fill'

data_units = {'GeV', 'cm^2'}

data_values_rescale = [1 1e-36]

data_values = {[18.232, 9.555e-6
18.3411, 9.5551e-6
18.4509, 9.5552e-6
18.5613, 9.5553e-6
18.6723, 9.3451e-6
18.784, 9.1394e-6
18.8963, 8.9383e-6
19.0094, 8.9384e-6
19.0093, 8.7416e-6
19.1229, 8.5492e-6
19.2373, 8.3611e-6
19.3523, 8.1771e-6
19.4681, 8.1772e-6
19.5845, 7.9972e-6
19.7016, 7.8212e-6
19.7016, 7.649e-6
19.8195, 7.6491e-6
19.938, 7.4808e-6
19.9379, 7.316e-6
20.0571, 7.155e-6
20.177, 6.9976e-6
20.2977, 6.8436e-6
20.2976, 6.6929e-6
20.419, 6.693e-6
20.5411, 6.5457e-6
20.541, 6.4016e-6
20.6639, 6.2607e-6
20.7873, 6.1229e-6
20.7873, 5.9881e-6
20.9116, 5.8563e-6
21.0367, 5.7274e-6
21.1625, 5.6014e-6
21.289, 5.4781e-6
21.4163, 5.3576e-6
21.5444, 5.2396e-6
21.6732, 5.1243e-6
21.8028, 5.0116e-6
21.8027, 4.9012e-6
21.9331, 4.7934e-6
22.0642, 4.6879e-6
22.1961, 4.5847e-6
22.3289, 4.4838e-6
22.4624, 4.3851e-6
22.5967, 4.2886e-6
22.5966, 4.1942e-6
22.7318, 4.1943e-6
22.8677, 4.102e-6
23.0045, 4.0117e-6
23.0044, 3.9233e-6
23.142, 3.9234e-6
23.1419, 3.837e-6
23.2803, 3.7526e-6
23.4195, 3.67e-6
23.5596, 3.5892e-6
23.7004, 3.5102e-6
23.8423, 3.5103e-6
23.842, 3.433e-6
23.9847, 3.3574e-6
24.1282, 3.3575e-6
24.2725, 3.2836e-6
24.2724, 3.2113e-6
24.4177, 3.2113e-6
24.5636, 3.1407e-6
24.7106, 3.0715e-6
24.8582, 3.0039e-6
25.007, 2.9378e-6
25.1566, 2.9379e-6
25.1565, 2.8732e-6
25.3069, 2.81e-6
25.4584, 2.81e-6
25.6106, 2.7482e-6
25.6105, 2.6876e-6
25.7637, 2.6877e-6
25.9178, 2.6285e-6
26.0728, 2.5707e-6
26.2287, 2.5141e-6
26.2285, 2.4588e-6
26.2284, 2.4046e-6
26.3854, 2.4046e-6
26.3852, 2.3517e-6
26.543, 2.2999e-6
26.7017, 2.2493e-6
26.8614, 2.1998e-6
26.8613, 2.1514e-6
27.022, 2.1514e-6
27.1836, 2.1041e-6
27.3461, 2.0578e-6
27.5097, 2.0125e-6
27.6743, 2.0125e-6
27.8399, 2.0125e-6
27.8397, 1.9682e-6
27.8396, 1.9249e-6
28.0062, 1.9249e-6
28.1737, 1.8825e-6
28.3423, 1.8826e-6
28.5119, 1.8826e-6
28.6824, 1.8412e-6
28.8538, 1.8006e-6
29.0265, 1.761e-6
29.2, 1.7223e-6
29.3746, 1.6844e-6
29.5504, 1.6844e-6
29.7271, 1.6473e-6
29.9049, 1.6111e-6
30.0836, 1.5756e-6
30.2636, 1.5409e-6
30.4447, 1.541e-6
30.6267, 1.507e-6
30.8098, 1.4739e-6
30.9941, 1.4414e-6
31.1794, 1.4097e-6
31.366, 1.4097e-6
31.5535, 1.3787e-6
31.7423, 1.3484e-6
31.9321, 1.3187e-6
32.1232, 1.3187e-6
32.3152, 1.2897e-6
32.5085, 1.2613e-6
32.7029, 1.2336e-6
32.8986, 1.2336e-6
33.0953, 1.2064e-6
33.2932, 1.1799e-6
33.4924, 1.1799e-6
33.6926, 1.1539e-6
33.8942, 1.1285e-6
34.097, 1.1285e-6
34.3009, 1.1037e-6
34.506, 1.0794e-6
34.7125, 1.0794e-6
34.92, 1.0557e-6
35.1289, 1.0324e-6
35.3391, 1.0325e-6
35.5504, 1.0097e-6
35.763, 9.8751e-7
35.9769, 9.8753e-7
36.1921, 9.6579e-7
36.4087, 9.6581e-7
36.6263, 9.4455e-7
36.8454, 9.2376e-7
37.0659, 9.2378e-7
37.2876, 9.0345e-7
37.5107, 9.0346e-7
37.7349, 8.8358e-7
37.9607, 8.8359e-7
38.1878, 8.6414e-7
38.4162, 8.4513e-7
38.6461, 8.4514e-7
38.8771, 8.2654e-7
39.1098, 8.2655e-7
39.3437, 8.0836e-7
39.5791, 8.0837e-7
39.8157, 7.9058e-7
40.054, 7.9059e-7
40.0539, 7.7318e-7
40.2936, 7.7319e-7
40.5347, 7.732e-7
40.7771, 7.5618e-7
41.0211, 7.5619e-7
41.2664, 7.3955e-7
41.5133, 7.3956e-7
41.7616, 7.2329e-7
42.0115, 7.2329e-7
42.2627, 7.0738e-7
42.5156, 7.0739e-7
42.7698, 6.9182e-7
43.0258, 6.9183e-7
43.2831, 6.766e-7
43.5421, 6.7661e-7
43.8025, 6.6172e-7
44.0646, 6.6173e-7
44.3281, 6.4717e-7
44.5934, 6.4717e-7
44.8601, 6.4718e-7
45.1285, 6.3294e-7
45.3985, 6.3295e-7
45.67, 6.1902e-7
45.9433, 6.1903e-7
46.218, 6.054e-7
46.4944, 5.9208e-7
46.7726, 5.9209e-7
46.7724, 5.7905e-7
47.0523, 5.7906e-7
47.3336, 5.6632e-7
47.6169, 5.6632e-7
47.9017, 5.5386e-7
48.1883, 5.5387e-7
48.4767, 5.5387e-7
48.7666, 5.4168e-7
49.0584, 5.4169e-7
49.0582, 5.2976e-7
49.3518, 5.2977e-7
49.6471, 5.2978e-7
49.944, 5.1812e-7
50.2429, 5.1812e-7
50.5434, 5.1813e-7
50.8458, 5.0673e-7
51.15, 5.0674e-7
51.4559, 4.9558e-7
51.7638, 4.9559e-7
52.0735, 4.956e-7
52.385, 4.8469e-7
52.6985, 4.847e-7
53.0138, 4.847e-7
53.0136, 4.7403e-7
53.3308, 4.7403e-7
53.6497, 4.636e-7
53.9708, 4.6361e-7
54.2938, 4.6361e-7
54.6183, 4.5341e-7
54.9453, 4.5342e-7
55.2738, 4.4344e-7
55.6046, 4.4344e-7
55.6044, 4.3368e-7
55.9367, 4.2414e-7
56.2716, 4.2414e-7
56.2713, 4.148e-7
56.2711, 4.0567e-7
56.2708, 3.9674e-7
56.2705, 3.88e-7
56.2702, 3.7946e-7
56.27, 3.711e-7
56.2697, 3.6293e-7
56.2694, 3.5494e-7
56.2692, 3.4712e-7
55.9342, 3.3948e-7
55.6012, 3.32e-7
55.6009, 3.2469e-7
55.2699, 3.1753e-7
54.9411, 3.1753e-7
54.6139, 3.1053e-7
54.2891, 3.1053e-7
53.9659, 3.0369e-7
53.9656, 2.97e-7
53.6446, 2.97e-7
53.3255, 2.9699e-7
53.0085, 3.0368e-7
52.6932, 3.0367e-7
52.3797, 3.0367e-7
52.0681, 3.0367e-7
51.7583, 3.0366e-7
51.4502, 2.9697e-7
51.1441, 2.9697e-7
50.8399, 2.9696e-7
50.5375, 2.9696e-7
50.2366, 2.9042e-7
49.9377, 2.9041e-7
49.6407, 2.9041e-7
49.3453, 2.9041e-7
49.0516, 2.8401e-7
48.7598, 2.8401e-7
48.4697, 2.84e-7
48.1814, 2.84e-7
47.8947, 2.84e-7
47.6098, 2.8399e-7
47.3264, 2.7773e-7
47.0448, 2.7773e-7
46.765, 2.7773e-7
46.4868, 2.7772e-7
46.2102, 2.7772e-7
45.9354, 2.7772e-7
45.6621, 2.7771e-7
45.3905, 2.7771e-7
45.1204, 2.7771e-7
44.8519, 2.777e-7
44.585, 2.7159e-7
44.3197, 2.7158e-7
44.0561, 2.7158e-7
43.794, 2.7158e-7
43.5335, 2.7157e-7
43.2745, 2.7157e-7
43.0171, 2.7156e-7
42.7612, 2.7156e-7
42.5068, 2.7156e-7
42.254, 2.7155e-7
42.0026, 2.7155e-7
41.7527, 2.7155e-7
41.5044, 2.7154e-7
41.2575, 2.7154e-7
41.012, 2.7154e-7
40.768, 2.7153e-7
40.5257, 2.7764e-7
40.2846, 2.7764e-7
40.045, 2.7764e-7
39.8068, 2.7763e-7
39.5699, 2.7763e-7
39.3346, 2.7763e-7
39.1006, 2.7762e-7
38.8679, 2.7762e-7
38.6368, 2.7762e-7
38.4069, 2.7761e-7
38.1786, 2.8386e-7
37.9515, 2.8386e-7
37.7257, 2.8385e-7
37.5013, 2.8385e-7
37.2782, 2.8385e-7
37.0565, 2.8384e-7
36.8362, 2.9023e-7
36.6171, 2.9023e-7
36.3992, 2.9022e-7
36.1827, 2.9022e-7
35.9675, 2.9021e-7
35.7537, 2.9674e-7
35.541, 2.9674e-7
35.3296, 2.9674e-7
35.1196, 3.0341e-7
34.9106, 3.0341e-7
34.7029, 3.0341e-7
34.4965, 3.034e-7
34.2915, 3.1023e-7
34.0875, 3.1023e-7
33.8847, 3.1022e-7
33.6833, 3.172e-7
33.4828, 3.172e-7
33.2837, 3.172e-7
33.0859, 3.2433e-7
32.8891, 3.2433e-7
32.6936, 3.3163e-7
32.499, 3.3162e-7
32.3058, 3.3162e-7
32.1137, 3.3908e-7
31.9226, 3.3908e-7
31.7328, 3.4671e-7
31.5442, 3.467e-7
31.3567, 3.545e-7
31.1701, 3.545e-7
30.9849, 3.6248e-7
30.8005, 3.6247e-7
30.6175, 3.7063e-7
30.4353, 3.7062e-7
30.2544, 3.7896e-7
30.0744, 3.7896e-7
29.8957, 3.8749e-7
29.7178, 3.8748e-7
29.5412, 3.962e-7
29.3656, 4.0512e-7
29.1909, 4.0511e-7
29.0172, 4.051e-7
29.0174, 4.1423e-7
28.8449, 4.2355e-7
28.6733, 4.2354e-7
28.5029, 4.3307e-7
28.3335, 4.4282e-7
28.1649, 4.4281e-7
27.9975, 4.5278e-7
27.8311, 4.6296e-7
27.6655, 4.6296e-7
27.5011, 4.7338e-7
27.3376, 4.8403e-7
27.1751, 4.9492e-7
27.0136, 5.0606e-7
26.8529, 5.0605e-7
26.6933, 5.1744e-7
26.5346, 5.2908e-7
26.3769, 5.4099e-7
26.377, 5.5317e-7
26.2202, 5.6561e-7
26.0642, 5.6561e-7
25.9093, 5.7833e-7
25.7553, 5.9135e-7
25.6021, 5.9134e-7
25.4499, 6.0465e-7
25.2985, 6.0464e-7
25.2986, 6.1825e-7
25.1482, 6.3216e-7
24.9988, 6.4639e-7
24.8502, 6.6093e-7
24.7025, 6.7581e-7
24.5556, 6.9101e-7
24.5558, 7.0657e-7
24.5558, 7.2248e-7
24.556, 7.3875e-7
24.41, 7.5537e-7
24.2648, 7.5536e-7
24.2649, 7.7237e-7
24.1207, 7.8975e-7
