file_name = 'CRESSTII_Sept2011_allowed_1sig.limit'

file_status = 'public'

data_label = 'CRESST-II 1-Sigma Allowed Region, 730kg-days data'

data_comment = 'Sigma normalized to WIMP-Nucleon'

data_reference = 'Results from the 730 kg days of the CRESST-II Dark Matter Search (<a href ="http://arxiv.org/abs/1109.0702">arXiv:1109.0702</a>)'

data_typeoflimit = {'Exclusion Plot','SI-Exp'}

formdefault_checked = 'checked'

formdefault_color = 'LtB' 

formdefault_style = 'Fill'

data_units = {'GeV','cm^2'}

data_values_rescale = [1 1e-36]

data_values = [20.1543, 5.2821e-6
20.275, 5.2821e-6
20.3963, 5.2821e-6
20.5185, 5.1658e-6
20.6414, 5.1658e-6
20.765, 5.052e-6
20.8893, 4.9408e-6
21.0144, 4.832e-6
21.1402, 4.7256e-6
21.2668, 4.6215e-6
21.3941, 4.6215e-6
21.5222, 4.5198e-6
21.6511, 4.4203e-6
21.7808, 4.3229e-6
21.9112, 4.2277e-6
22.0424, 4.1346e-6
22.1743, 4.0436e-6
22.3071, 3.9546e-6
22.4407, 3.8675e-6
22.4407, 3.7823e-6
22.5751, 3.7823e-6
22.5751, 3.6991e-6
22.7103, 3.6176e-6
22.8462, 3.5379e-6
22.8462, 3.46e-6
22.983, 3.46e-6
22.983, 3.3839e-6
23.1207, 3.3093e-6
23.2591, 3.2365e-6
23.2591, 3.1652e-6
23.3984, 3.1652e-6
23.3984, 3.0955e-6
23.5385, 3.0274e-6
23.6794, 3.0274e-6
23.8212, 2.9607e-6
23.8212, 2.8955e-6
23.9638, 2.8317e-6
24.1073, 2.7694e-6
24.2517, 2.7084e-6
24.3969, 2.6488e-6
24.543, 2.5905e-6
24.6899, 2.5334e-6
24.8378, 2.4776e-6
24.9865, 2.4231e-6
25.136, 2.4231e-6
25.2866, 2.4231e-6
25.438, 2.3697e-6
25.5903, 2.3175e-6
25.7436, 2.2665e-6
25.8977, 2.2166e-6
26.0528, 2.1678e-6
26.2088, 2.1201e-6
26.3657, 2.0734e-6
26.5236, 2.0277e-6
26.6824, 1.9831e-6
26.8422, 1.9394e-6
27.0029, 1.8967e-6
27.1646, 1.8549e-6
27.3273, 1.8141e-6
27.4909, 1.7742e-6
27.6555, 1.7351e-6
27.8211, 1.6969e-6
27.9877, 1.6595e-6
28.1553, 1.623e-6
28.3237, 1.5872e-6
28.4934, 1.5523e-6
28.6641, 1.5181e-6
28.8357, 1.4847e-6
29.0084, 1.452e-6
29.182, 1.42e-6
29.3568, 1.3888e-6
29.5326, 1.3888e-6
29.5326, 1.3582e-6
29.7094, 1.3582e-6
29.7094, 1.3283e-6
29.8873, 1.3283e-6
29.8873, 1.299e-6
30.0663, 1.299e-6
30.2463, 1.299e-6
30.4274, 1.2704e-6
30.6096, 1.2424e-6
30.7929, 1.2151e-6
30.9773, 1.1883e-6
31.1627, 1.1622e-6
31.3493, 1.1366e-6
31.537, 1.1116e-6
31.7259, 1.1116e-6
31.9158, 1.0871e-6
32.107, 1.0631e-6
32.2992, 1.0397e-6
32.4926, 1.0168e-6
32.6872, 9.9445e-7
32.8829, 9.7255e-7
33.0798, 9.7255e-7
33.2779, 9.5114e-7
33.4771, 9.3019e-7
33.6776, 9.0971e-7
33.8792, 8.8968e-7
34.0821, 8.7009e-7
34.2862, 8.5093e-7
34.4915, 8.322e-7
34.698, 8.1387e-7
34.9058, 7.9595e-7
35.1148, 7.9595e-7
35.325, 7.7842e-7
35.5365, 7.6128e-7
35.7492, 7.4452e-7
35.7492, 7.2813e-7
35.9634, 7.121e-7
36.1787, 6.9642e-7
36.3954, 6.8108e-7
36.3954, 6.6608e-7
36.3954, 6.5142e-7
36.6133, 6.3707e-7
36.6133, 6.2305e-7
36.8325, 6.0933e-7
37.0531, 5.9591e-7
37.0531, 5.8279e-7
36.8325, 5.6996e-7
36.6133, 5.5741e-7
36.3954, 5.4513e-7
36.1787, 5.3313e-7
35.9634, 5.2139e-7
35.7492, 5.0991e-7
35.5365, 5.0991e-7
35.325, 5.0991e-7
35.1148, 5.0991e-7
34.9058, 5.0991e-7
34.698, 5.2139e-7
34.4915, 5.2139e-7
34.2862, 5.2139e-7
34.0821, 5.2139e-7
33.8792, 5.2139e-7
33.6776, 5.2139e-7
33.4771, 5.3313e-7
33.2779, 5.3313e-7
33.0798, 5.3313e-7
32.8829, 5.3313e-7
32.6872, 5.3313e-7
32.4926, 5.3313e-7
32.2992, 5.4513e-7
32.107, 5.4513e-7
31.9158, 5.4513e-7
31.7259, 5.4513e-7
31.537, 5.4513e-7
31.3493, 5.4513e-7
31.1627, 5.4513e-7
30.9773, 5.5741e-7
30.7929, 5.5741e-7
30.6096, 5.5741e-7
30.4274, 5.6996e-7
30.2463, 5.6996e-7
30.0663, 5.8279e-7
29.8873, 5.8279e-7
29.7094, 5.9591e-7
29.5326, 5.9591e-7
29.3568, 6.0933e-7
29.182, 6.0933e-7
29.0084, 6.2305e-7
28.8357, 6.3707e-7
28.6641, 6.3707e-7
28.4934, 6.5142e-7
28.3237, 6.5142e-7
28.1553, 6.6608e-7
27.9877, 6.8108e-7
27.8211, 6.8108e-7
27.6555, 6.9642e-7
27.4909, 7.121e-7
27.3273, 7.121e-7
27.1646, 7.2813e-7
27.0029, 7.4452e-7
26.8422, 7.6128e-7
26.6824, 7.7842e-7
26.5236, 7.7842e-7
26.3657, 7.9595e-7
26.2088, 8.1387e-7
26.0528, 8.322e-7
25.8977, 8.5093e-7
25.7436, 8.7009e-7
25.5903, 8.8968e-7
25.438, 9.0971e-7
25.2866, 9.3019e-7
25.136, 9.5114e-7
24.9865, 9.5114e-7
24.8378, 9.7255e-7
24.8378, 9.9445e-7
24.8378, 1.0168e-6
24.8378, 1.0397e-6
24.6899, 1.0397e-6
24.6899, 1.0631e-6
24.543, 1.0631e-6
24.543, 1.0871e-6
24.3969, 1.1116e-6
24.2517, 1.1366e-6
24.1073, 1.1622e-6
23.9638, 1.1883e-6
23.8212, 1.2151e-6
23.6794, 1.2424e-6
23.6794, 1.2704e-6
23.5385, 1.299e-6
23.3984, 1.3283e-6
23.2591, 1.3582e-6
23.1207, 1.3888e-6
23.1207, 1.42e-6
22.983, 1.452e-6
22.8462, 1.4847e-6
22.7103, 1.5181e-6
22.7103, 1.5523e-6
22.5751, 1.5872e-6
22.4407, 1.623e-6
22.3071, 1.6595e-6
22.3071, 1.6969e-6
22.1743, 1.7351e-6
22.0424, 1.7742e-6
22.0424, 1.8141e-6
21.9112, 1.8549e-6
21.7808, 1.8967e-6
21.6511, 1.9394e-6
21.5222, 1.9831e-6
21.3941, 2.0277e-6
21.3941, 2.0734e-6
21.2668, 2.1201e-6
21.2668, 2.1678e-6
21.1402, 2.2166e-6
21.0144, 2.2665e-6
21.0144, 2.3175e-6
20.8893, 2.3697e-6
20.8893, 2.4231e-6
20.765, 2.4776e-6
20.765, 2.5334e-6
20.6414, 2.5905e-6
20.6414, 2.6488e-6
20.5185, 2.7084e-6
20.5185, 2.7694e-6
20.3963, 2.8317e-6
20.3963, 2.8955e-6
20.275, 2.9607e-6
20.275, 3.0274e-6
20.1543, 3.0955e-6
20.0343, 3.1652e-6
20.0343, 3.2365e-6
20.0343, 3.3093e-6
20.0343, 3.3839e-6
19.9151, 3.46e-6
19.9151, 3.5379e-6
19.9151, 3.6176e-6
19.7966, 3.6991e-6
19.7966, 3.7823e-6
19.7966, 3.8675e-6
19.6787, 3.9546e-6
19.6787, 4.0436e-6
19.6787, 4.1346e-6
19.5615, 4.2277e-6
19.5615, 4.3229e-6
19.5615, 4.4203e-6
19.4452, 4.5198e-6
19.4452, 4.6215e-6
19.4452, 4.7256e-6
19.4452, 4.832e-6
19.5615, 5.2236e-6
19.7376, 5.401e-6];

param_halodensity = 0.3

param_halovelocity = 220



