file_name='DAMA_08_Savage_5sig.limit'

file_status = 'public'

data_label='DAMA/LIBRA 2008 5sigma, no ion channeling'

data_comment='Cross-section data for scalar interaction normalised to nucleon'

data_reference='DAMA/LIBRA first results [EPJ C56 (2008), 333, <a href="http://arxiv.org/abs/0804.2741">arXiv:0804.2741</a>], as interpreted in Savage et al., <a href="http://arxiv.org/abs/0808.3607">arXiv:0808.3607v2</a> (&chi;<sup>2</sup> g.o.f., Fig. 10)'

private_comment='GOF-chisq analysis; data from Chris Savage, cleaned up by Ray Bunker'

data_typeoflimit = {'Signal','SI-Exp'}

formdefault_checked = ''

formdefault_color = 'LtR'

formdefault_style = 'Fill'

data_units = {'GeV', 'cm^2'}

data_values_rescale = [1 1e-36]

data_values = [ 3.072  2.939e-02
  3.09  2.638e-02
 3.162  1.823e-02
 3.236  1.418e-02
 3.311  1.167e-02
 3.388  7.637e-03
 3.467  5.746e-03
 3.548  4.631e-03
 3.631  3.892e-03
 3.715  2.791e-03
 3.802  2.190e-03
  3.89  1.809e-03
 3.981  1.546e-03
 4.074  1.179e-03
 4.169  9.578e-04
 4.266  8.089e-04
 4.365  7.017e-04
 4.467  5.621e-04
 4.571  4.704e-04
 4.677  4.054e-04
 4.786  3.569e-04
 4.898  2.974e-04
 5.012  2.556e-04
 5.129  2.245e-04
 5.248  2.005e-04
  5.37  1.726e-04
 5.495  1.519e-04
 5.623  1.358e-04
 5.754  1.229e-04
 5.888  1.088e-04
 6.026  9.777e-05
 6.166  8.886e-05
  6.31  8.152e-05
 6.457  7.387e-05
 6.607  6.761e-05
 6.761  6.239e-05
 6.918  5.797e-05
 7.079  5.359e-05
 7.244  4.987e-05
 7.413  4.667e-05
 7.586  4.388e-05
 7.762  4.127e-05
 7.943  3.898e-05
 8.128  3.695e-05
 8.318  3.514e-05
 8.511  3.354e-05
  8.71  3.210e-05
 8.913  3.079e-05
  9.12  2.959e-05
 9.333  2.861e-05
  9.55  2.770e-05
 9.772  2.685e-05
    10  2.606e-05
 10.23  2.545e-05
 10.47  2.488e-05
 10.72  2.433e-05
 10.96  2.382e-05
 11.22  2.341e-05
 11.48  2.302e-05
 11.75  2.265e-05
 12.02  2.229e-05
  12.3  2.189e-05
 12.59  2.151e-05
 12.88  2.115e-05
 13.18  2.079e-05
 13.49  2.015e-05
  13.8  1.956e-05
 14.13  1.900e-05
 14.45  1.848e-05
 14.79  1.742e-05
 15.14  1.649e-05
 15.49  1.567e-05
 15.85  1.494e-05
 16.22  1.363e-05
  16.6  1.255e-05
 16.98  1.163e-05
 17.38  1.085e-05
 17.78  9.662e-06
  18.2  8.716e-06
 18.62  7.943e-06
 19.05  7.301e-06
  19.5  6.450e-06
 19.95  5.779e-06
 20.42  5.237e-06
 20.89  4.790e-06
 21.38  4.261e-06
 21.88  3.839e-06
 22.39  3.495e-06
 22.91  3.208e-06
 23.44  2.899e-06
 23.99  2.645e-06
 24.55  2.433e-06
 25.12  2.254e-06
  25.7  2.075e-06
  26.3  1.924e-06
 26.92  1.793e-06
 27.54  1.680e-06
 28.18  1.576e-06
 28.84  1.484e-06
 29.51  1.403e-06
  30.2  1.331e-06
  30.9  1.270e-06
 31.62  1.215e-06
 32.36  1.165e-06
 33.11  1.119e-06
 33.88  1.084e-06
 34.67  1.052e-06
 35.48  1.022e-06
 36.31  9.932e-07
 37.15  9.757e-07
 38.02  9.589e-07
  38.9  9.427e-07
 39.81  9.272e-07
 40.74  9.217e-07
 41.69  9.164e-07
 42.66  9.111e-07
 43.65  9.060e-07
 44.67  9.101e-07
 45.71  9.143e-07
 46.77  9.185e-07
 47.86  9.228e-07
 48.98  9.356e-07
 50.12  9.487e-07
 51.29  9.623e-07
 52.48  9.762e-07
  53.7  9.980e-07
 54.95  1.021e-06
 56.23  1.045e-06
 57.54  1.070e-06
 58.88  1.102e-06
 60.26  1.136e-06
 61.66  1.173e-06
  63.1  1.211e-06
 64.57  1.257e-06
 66.07  1.306e-06
 67.61  1.359e-06
 69.18  1.417e-06
 70.79  1.481e-06
 72.44  1.551e-06
 74.13  1.628e-06
 75.86  1.713e-06
 77.62  1.804e-06
 79.43  1.905e-06
 81.28  2.019e-06
 83.18  2.146e-06
 85.11  2.280e-06
  87.1  2.431e-06
 89.13  2.605e-06
  91.2  2.805e-06
 93.33  3.012e-06
  95.5  3.253e-06
 97.72  3.537e-06
   100  3.875e-06
 102.3  4.229e-06
 104.7  4.655e-06
 107.2  5.180e-06
 109.6  5.845e-06
 112.2  6.565e-06
 114.8  7.503e-06
 117.5  8.782e-06
 120.2  1.067e-05
   123  1.314e-05
 125.9  1.788e-05
 127.6  2.915e-05
 125.9  4.579e-05
   123  5.787e-05
 120.2  6.544e-05
 117.5  7.159e-05
 114.8  7.471e-05
 112.2  7.568e-05
 109.6  7.516e-05
 107.2  7.377e-05
 104.7  7.143e-05
 102.3  6.857e-05
   100  6.549e-05
 97.72  6.212e-05
  95.5  5.875e-05
 93.33  5.550e-05
  91.2  5.243e-05
 89.13  4.931e-05
  87.1  4.642e-05
 85.11  4.375e-05
 83.18  4.130e-05
 81.28  3.890e-05
 79.43  3.669e-05
 77.62  3.468e-05
 75.86  3.284e-05
 74.13  3.107e-05
 72.44  2.945e-05
 70.79  2.796e-05
 69.18  2.659e-05
 67.61  2.531e-05
 66.07  2.412e-05
 64.57  2.302e-05
  63.1  2.200e-05
 61.66  2.107e-05
 60.26  2.020e-05
 58.88  1.939e-05
 57.54  1.863e-05
 56.23  1.796e-05
 54.95  1.733e-05
  53.7  1.673e-05
 52.48  1.616e-05
 51.29  1.569e-05
 50.12  1.524e-05
 48.98  1.480e-05
 47.86  1.438e-05
 46.77  1.407e-05
 45.71  1.377e-05
 44.67  1.346e-05
 43.65  1.317e-05
 42.66  1.299e-05
 41.69  1.281e-05
 40.74  1.262e-05
 39.81  1.243e-05
  38.9  1.237e-05
 38.02  1.230e-05
 37.15  1.223e-05
 36.31  1.214e-05
 35.48  1.221e-05
 34.67  1.226e-05
 33.88  1.231e-05
 33.11  1.235e-05
 32.36  1.255e-05
 31.62  1.275e-05
  30.9  1.295e-05
  30.2  1.314e-05
 29.51  1.352e-05
 28.84  1.392e-05
 28.18  1.433e-05
 27.54  1.475e-05
 26.92  1.539e-05
  26.3  1.609e-05
  25.7  1.684e-05
 25.12  1.765e-05
 24.55  1.872e-05
 23.99  1.992e-05
 23.44  2.128e-05
 22.91  2.282e-05
 22.39  2.465e-05
 21.88  2.680e-05
 21.38  2.936e-05
 20.89  3.245e-05
 20.42  3.580e-05
 19.95  3.991e-05
  19.5  4.508e-05
 19.05  5.176e-05
 18.62  5.829e-05
  18.2  6.661e-05
 17.78  7.750e-05
 17.38  9.226e-05
 16.98  1.049e-04
  16.6  1.209e-04
 16.22  1.416e-04
 15.85  1.690e-04
 15.49  1.880e-04
 15.14  2.105e-04
 14.79  2.373e-04
 14.45  2.688e-04
 14.13  2.863e-04
  13.8  3.054e-04
 13.49  3.260e-04
 13.18  3.482e-04
 12.88  3.599e-04
 12.59  3.721e-04
  12.3  3.847e-04
 12.02  3.979e-04
 11.75  4.061e-04
 11.48  4.144e-04
 11.22  4.225e-04
 10.96  4.305e-04
 10.72  4.377e-04
 10.47  4.445e-04
 10.23  4.510e-04
    10  4.569e-04
 9.772  4.646e-04
  9.55  4.720e-04
 9.333  4.788e-04
  9.12  4.850e-04
 8.913  4.948e-04
  8.71  5.044e-04
 8.511  5.135e-04
 8.318  5.220e-04
 8.128  5.355e-04
 7.943  5.491e-04
 7.762  5.625e-04
 7.586  5.754e-04
 7.413  5.948e-04
 7.244  6.149e-04
 7.079  6.354e-04
 6.918  6.560e-04
 6.761  6.846e-04
 6.607  7.151e-04
 6.457  7.475e-04
  6.31  7.811e-04
 6.166  8.243e-04
 6.026  8.719e-04
 5.888  9.241e-04
 5.754  9.808e-04
 5.623  1.048e-03
 5.495  1.125e-03
  5.37  1.212e-03
 5.248  1.311e-03
 5.129  1.420e-03
 5.012  1.549e-03
 4.898  1.702e-03
 4.786  1.884e-03
 4.677  2.070e-03
 4.571  2.299e-03
 4.467  2.582e-03
 4.365  2.936e-03
 4.266  3.276e-03
 4.169  3.708e-03
 4.074  4.270e-03
 3.981  5.010e-03
  3.89  5.677e-03
 3.802  6.557e-03
 3.715  7.756e-03
 3.631  9.424e-03
 3.548  1.084e-02
 3.467  1.277e-02
 3.388  1.552e-02
 3.311  1.938e-02
 3.236  2.254e-02
 3.162  2.687e-02
  3.09  3.240e-02
 3.072  2.939e-02]

param_halodensity = 0.3

param_halovelocity = 220
