file_name = 'EdelweissII_Dec09.limit'

file_version = 'v1'

file_status = 'public'

data_label = 'Edelweiss II first result, 144 kg-days interleaved Ge'

data_comment = 'Sigma for SI coupled WIMP, normalized to X-nucleon'

data_reference = '<a href ="http://arxiv.org/abs/0912.0805"> arXiv:0912.0805 </a>'

private_comment='Supplied by Jules Gascon, 7Dec2009'

data_typeoflimit = {'90% CL exclusion plot','SI-Exp'}

formdefault_checked = ''

formdefault_color = 'DkR' 

formdefault_style = 'Line'

data_units = {'GeV','cm^2'}

data_values = [
  12.  0.69423602E-03  
  14.  0.46230100E-04  
  16.  0.10884900E-04  
  18.  0.38456601E-05  
  20.  0.18208500E-05  
  22.  0.10456600E-05  
  24.  0.68548002E-06  
  26.  0.49389899E-06  
  28.  0.37807399E-06  
  30.  0.30581199E-06  
  35.  0.20895401E-06  
  40.  0.16371500E-06  
  45.  0.13944300E-06  
  50.  0.12511100E-06  
  55.  0.11587400E-06  
  60.  0.11014600E-06  
  65.  0.10679900E-06  
  70.  0.10475400E-06  
  75.  0.10360900E-06  
  80.  0.10309200E-06  
  85.  0.10308800E-06  
  90.  0.10342500E-06  
  95.  0.10454400E-06  
 100.  0.10539700E-06  
 120.  0.11182400E-06  
 140.  0.11974799E-06  
 160.  0.12901300E-06  
 180.  0.13819199E-06  
 200.  0.14828500E-06  
 220.  0.15792099E-06  
 240.  0.16853600E-06  
 260.  0.17912900E-06  
 280.  0.18982099E-06  
 300.  0.20058900E-06  
 500.  0.30893901E-06  
1000.  0.58357102E-06]

data_values_rescale = [1 1e-36]

param_halodensity = 0.3

param_halovelocity = 220
