file_name='KIMS_2007_SI.limit'

file_version = 'v1'

file_status='public'

data_label='KIMS 2007 - 3409 kg-days CsI'

data_comment='Cross-section data for scalar interaction normalised to 
nucleon'

data_reference='<a href="http://arxiv.org/abs/0704.0423">arXiv:0704.0423</a>'

data_typeoflimit = {'Exclusion Plot','SI-Exp'}

formdefault_checked = ''

formdefault_color = 'Grn'

formdefault_style = 'Line'

data_units = {'GeV', 'cm^2'}

data_values = [
12.1414, 9.8221e-40
13.8181, 2.0599e-40
15.7264, 6.1862e-41
17.8982, 2.3462e-41
20.3699, 1.1038e-41
23.1829, 6.5579e-42
26.3845, 4.6625e-42
30.0281, 3.5617e-42
34.1749, 2.8714e-42
38.8945, 2.3568e-42
44.2657, 2.1544e-42
50.3787, 2.0415e-42
57.3359, 1.9695e-42
65.2539, 1.9344e-42
74.2654, 1.9695e-42
84.5213, 2.0415e-42
96.1936, 2.1544e-42
109.4777, 2.2737e-42
124.5964, 2.4872e-42
141.803, 2.6724e-42
161.3857, 2.9234e-42
183.6728, 3.2559e-42
209.0377, 3.6262e-42
237.9055, 4.0387e-42
270.7599, 4.498e-42
308.1513, 5.0096e-42
350.7065, 5.6805e-42
399.1385, 6.3266e-42
454.2588, 7.1738e-42
516.9912, 8.1345e-42
588.3868, 9.0597e-42
669.642, 1.0273e-41
762.1184, 1.1649e-41
867.3657, 1.3209e-41
987.1474, 1.4977e-41
1123.4708, 1.6983e-41
1278.6202, 1.9258e-41
1455.1955, 2.1836e-41
1656.1555, 2.4761e-41
1884.8678, 2.8077e-41
2145.1649, 3.1836e-41
2441.4085, 3.61e-41
2778.5628, 4.0934e-41
3162.2777, 4.7257e-41
3598.9828, 5.3585e-41
4095.9963, 6.0761e-41
4661.6464, 6.8898e-41
5305.4118, 7.954e-41
6038.0802, 9.0192e-41
6871.9288, 1.0227e-40
7820.9305, 1.1597e-40
8900.9877, 1.3149e-40
9871.4744, 1.4645e-40
]

data_values_rescale = [1 1]

param_halodensity = 0.3

param_halovelocity = 220
