file_name = 'LUX 2013.limit'

data_label = 'LUX(2013) 90% U.L.'

data_comment = 'Sigma normalized to WIMP-Nucleon'

data_reference = 'First results from the LUX dark matter experiment at the Sanford Underground
Research Facility, <a href = "http://luxdarkmatter.org/papers/LUX_First_Results_2013.pdf"> 2013</a>'

data_typeoflimit = {'Sensitivity Goal','SI-Exp'}

formdefault_checked = ''

formdefault_color = 'Mag' 

formdefault_style = 'Dot'

data_units = {'GeV','cm^2'}

data_values_rescale = [1 1]

data_values = [
  7.9401	6.9033e-44
7.94	6.8382e-44
7.9399	6.7737e-44
7.9398	6.7098e-44
7.9398	6.6464e-44
7.9397	6.5837e-44
7.9396	6.5216e-44
7.9395	6.4601e-44
7.9395	6.3991e-44
8.0257	6.3388e-44
8.0257	6.279e-44
8.0256	6.2197e-44
8.0255	6.161e-44
8.0254	6.1029e-44
8.0253	6.0453e-44
8.0253	5.9882e-44
8.0252	5.9317e-44
8.0251	5.8758e-44
8.1123	5.8204e-44
8.1122	5.7654e-44
8.1121	5.711e-44
8.1121	5.6571e-44
8.112	5.6038e-44
8.1118	5.5509e-44
8.1118	5.4985e-44
8.1117	5.4466e-44
8.1117	5.3952e-44
8.1116	5.3443e-44
8.1997	5.2939e-44
8.1997	5.244e-44
8.1996	5.1945e-44
8.1995	5.1455e-44
8.1994	5.0969e-44
8.1993	5.0488e-44
8.1992	5.0012e-44
8.1992	4.954e-44
8.1991	4.9072e-44
8.199	4.8609e-44
8.2881	4.8151e-44
8.288	4.7697e-44
8.2879	4.7247e-44
8.2879	4.6801e-44
8.2878	4.6359e-44
8.2877	4.5922e-44
8.2876	4.5488e-44
8.2875	4.5059e-44
8.2873	4.4634e-44
8.3775	4.4213e-44
8.3774	4.3796e-44
8.3773	4.3383e-44
8.3773	4.2973e-44
8.3772	4.2568e-44
8.3771	4.2166e-44
8.377	4.1768e-44
8.3769	4.1374e-44
8.3768	4.0984e-44
8.3768	4.0597e-44
8.4678	4.0214e-44
8.4677	3.9835e-44
8.4676	3.9459e-44
8.4675	3.9086e-44
8.4675	3.8718e-44
8.4674	3.8352e-44
8.4673	3.799e-44
8.4672	3.7632e-44
8.4671	3.7277e-44
8.467	3.6925e-44
8.5591	3.6577e-44
8.559	3.6232e-44
8.5589	3.589e-44
8.5588	3.5551e-44
8.5587	3.5216e-44
8.5586	3.4883e-44
8.5585	3.4554e-44
8.5585	3.4228e-44
8.5584	3.3905e-44
8.6514	3.3585e-44
8.6513	3.3269e-44
8.6512	3.2955e-44
8.6511	3.2644e-44
8.651	3.2336e-44
8.651	3.203e-44
8.6509	3.1728e-44
8.6508	3.1429e-44
8.6507	3.1132e-44
8.6505	3.0838e-44
8.7446	3.0548e-44
8.7445	3.0259e-44
8.7444	2.9974e-44
8.7444	2.9691e-44
8.7443	2.9411e-44
8.7442	2.9133e-44
8.7441	2.8858e-44
8.744	2.8586e-44
8.7439	2.8316e-44
8.7438	2.8049e-44
8.8389	2.7785e-44
8.8388	2.7523e-44
8.8387	2.7263e-44
8.8386	2.7006e-44
8.8385	2.6751e-44
8.8384	2.6498e-44
8.8383	2.6248e-44
8.8382	2.6001e-44
8.8382	2.5755e-44
8.9342	2.5512e-44
8.9341	2.5272e-44
8.934	2.5033e-44
8.9339	2.4797e-44
8.9339	2.4563e-44
8.9338	2.4331e-44
8.9337	2.4102e-44
8.9336	2.3874e-44
8.9335	2.3649e-44
9.0306	2.3426e-44
9.0305	2.3205e-44
9.0304	2.2986e-44
9.0303	2.2769e-44
9.0302	2.2554e-44
9.0301	2.2341e-44
9.03	2.2131e-44
9.03	2.1922e-44
9.0299	2.1715e-44
9.128	2.151e-44
9.1279	2.1307e-44
9.1278	2.1106e-44
9.1277	2.0907e-44
9.1276	2.071e-44
9.1275	2.0514e-44
9.1274	2.0321e-44
9.1274	2.0129e-44
9.1273	1.9939e-44
9.2265	1.9751e-44
9.2264	1.9565e-44
9.2263	1.938e-44
9.2262	1.9197e-44
9.2261	1.9016e-44
9.226	1.8836e-44
9.2259	1.8659e-44
9.2258	1.8483e-44
9.3261	1.8308e-44
9.326	1.8136e-44
9.3259	1.7964e-44
9.3258	1.7795e-44
9.3256	1.7627e-44
9.3256	1.7461e-44
9.3255	1.7296e-44
9.3254	1.7133e-44
9.3253	1.6971e-44
9.4267	1.6811e-44
9.4266	1.6652e-44
9.4264	1.6495e-44
9.4264	1.634e-44
9.4263	1.6185e-44
9.4262	1.6033e-44
9.4261	1.5881e-44
9.426	1.5732e-44
9.4259	1.5583e-44
9.5284	1.5436e-44
9.5283	1.5291e-44
9.5282	1.5146e-44
9.5281	1.5003e-44
9.528	1.4862e-44
9.5279	1.4722e-44
9.5278	1.4583e-44
9.5276	1.4445e-44
9.6312	1.4309e-44
9.6312	1.4174e-44
9.6311	1.404e-44
9.631	1.3908e-44
9.6309	1.3776e-44
9.6308	1.3646e-44
9.6307	1.3518e-44
9.6306	1.339e-44
9.6305	1.3264e-44
9.7351	1.3139e-44
9.7349	1.3015e-44
9.7349	1.2892e-44
9.7348	1.277e-44
9.7348	1.265e-44
9.7347	1.253e-44
9.7346	1.2412e-44
9.7345	1.2295e-44
9.7344	1.2179e-44
9.8401	1.2064e-44
9.8401	1.195e-44
9.8399	1.1837e-44
9.8399	1.1726e-44
9.8397	1.1615e-44
9.8397	1.1506e-44
9.8396	1.1397e-44
9.8395	1.1289e-44
9.9464	1.1183e-44
9.9463	1.1077e-44
9.9462	1.0973e-44
9.9461	1.0869e-44
9.946	1.0767e-44
9.9459	1.0665e-44
9.9458	1.0565e-44
10.0539	1.0465e-44
10.0538	1.0366e-44
10.0537	1.0268e-44
10.0536	1.0171e-44
10.0535	1.0075e-44
10.0534	9.9804e-45
10.0533	9.8862e-45
10.1625	9.793e-45
10.1623	9.7006e-45
10.1623	9.6091e-45
10.1622	9.5184e-45
10.1621	9.4286e-45
10.162	9.3396e-45
10.2725	9.2516e-45
10.2724	9.1643e-45
10.2723	9.0778e-45
10.2722	8.9921e-45
10.2721	8.9073e-45
10.272	8.8232e-45
10.3836	8.74e-45
10.3835	8.6575e-45
10.3834	8.5759e-45
10.3833	8.4949e-45
10.3832	8.4148e-45
10.3831	8.3354e-45
10.383	8.2567e-45
10.4958	8.1789e-45
10.4957	8.1017e-45
10.4956	8.0252e-45
10.4955	7.9495e-45
10.4954	7.8745e-45
10.4953	7.8002e-45
10.6094	7.7266e-45
10.6092	7.6537e-45
10.6091	7.5815e-45
10.609	7.51e-45
10.6089	7.4391e-45
10.6088	7.3689e-45
10.7241	7.2994e-45
10.724	7.2305e-45
10.7239	7.1623e-45
10.7238	7.0947e-45
10.7237	7.0278e-45
10.7236	6.9615e-45
10.7235	6.8958e-45
10.8399	6.8308e-45
10.8399	6.7663e-45
10.8397	6.7025e-45
10.8397	6.6392e-45
10.8396	6.5766e-45
10.8395	6.5145e-45
10.9573	6.4531e-45
10.9572	6.3922e-45
10.9571	6.3319e-45
10.9569	6.2721e-45
10.9567	6.2129e-45
10.9567	6.1543e-45
11.0758	6.0963e-45
11.0757	6.0388e-45
11.0756	5.9818e-45
11.0755	5.9253e-45
11.0754	5.8694e-45
11.0752	5.814e-45
11.0751	5.7592e-45
11.1955	5.7049e-45
11.1954	5.651e-45
11.1953	5.5977e-45
11.1952	5.5449e-45
11.1951	5.4926e-45
11.1949	5.4407e-45
11.3166	5.3894e-45
11.3165	5.3386e-45
11.3164	5.2882e-45
11.3163	5.2383e-45
11.3162	5.1889e-45
11.316	5.1399e-45
11.439	5.0914e-45
11.4389	5.0434e-45
11.4388	4.9958e-45
11.4386	4.9487e-45
11.4386	4.902e-45
11.4384	4.8557e-45
11.5628	4.8099e-45
11.5626	4.7645e-45
11.5625	4.7196e-45
11.5624	4.675e-45
11.5623	4.6309e-45
11.5622	4.5872e-45
11.5621	4.5439e-45
11.6877	4.5011e-45
11.6876	4.4586e-45
11.6875	4.4166e-45
11.6874	4.3749e-45
11.6873	4.3336e-45
11.6871	4.2927e-45
11.8141	4.2522e-45
11.814	4.2121e-45
11.8138	4.1724e-45
11.8138	4.133e-45
11.8136	4.094e-45
11.8136	4.0554e-45
11.9419	4.0171e-45
11.9418	3.9792e-45
11.9417	3.9417e-45
11.9416	3.9045e-45
12.0714	3.8677e-45
12.0712	3.8312e-45
12.0711	3.795e-45
12.071	3.7592e-45
12.2022	3.7238e-45
12.2021	3.6886e-45
12.2019	3.6538e-45
12.3345	3.6194e-45
12.3344	3.5852e-45
12.3343	3.5514e-45
12.3342	3.5179e-45
12.4682	3.4847e-45
12.4681	3.4518e-45
12.468	3.4192e-45
12.6035	3.387e-45
12.6033	3.355e-45
12.6032	3.3234e-45
12.6031	3.292e-45
12.74	3.261e-45
12.7399	3.2302e-45
12.7398	3.1997e-45
12.8782	3.1696e-45
12.878	3.1396e-45
12.878	3.11e-45
12.8779	3.0807e-45
13.0178	3.0516e-45
13.0177	3.0228e-45
13.0176	2.9943e-45
13.159	2.9661e-45
13.1589	2.9381e-45
13.1588	2.9104e-45
13.1586	2.8829e-45
13.3016	2.8557e-45
13.3014	2.8288e-45
13.3014	2.8021e-45
13.4459	2.7757e-45
13.4458	2.7495e-45
13.4456	2.7235e-45
13.4455	2.6978e-45
13.5916	2.6724e-45
13.5915	2.6472e-45
13.5914	2.6222e-45
13.7391	2.5975e-45
13.7389	2.573e-45
13.7388	2.5487e-45
13.7387	2.5246e-45
13.888	2.5008e-45
13.8878	2.4772e-45
13.8877	2.4538e-45
14.0386	2.4307e-45
14.0385	2.4078e-45
14.0383	2.385e-45
14.1909	2.3626e-45
14.1907	2.3403e-45
14.345	2.3182e-45
14.3448	2.2963e-45
14.3447	2.2747e-45
14.5006	2.2532e-45
14.5004	2.2319e-45
14.5003	2.2109e-45
14.6579	2.19e-45
14.6577	2.1694e-45
14.6576	2.1489e-45
14.8169	2.1286e-45
14.8167	2.1086e-45
14.9777	2.0887e-45
14.9776	2.069e-45
14.9774	2.0494e-45
15.1402	2.0301e-45
15.1401	2.011e-45
15.1399	1.992e-45
15.3044	1.9732e-45
15.3043	1.9546e-45
15.3041	1.9361e-45
15.4704	1.9179e-45
15.4703	1.8998e-45
15.4701	1.8819e-45
15.6383	1.8641e-45
15.6381	1.8465e-45
15.8081	1.8291e-45
15.8079	1.8119e-45
15.8077	1.7948e-45
15.9795	1.7778e-45
