file_name='NeutrinoBackground_Billardetal2013.limit'

file_status='public'

data_label='Expected neutrino background for direct-detection'

data_comment='Cross-section data for scalar interaction normalised to nucleon'

data_reference='Billard, Figuero-Feliciano, Strigari, 2013 <a href ="http://arxiv.org/abs/1307.5458v2">(arXiv 1307.5458v2)</a>';

private_comment='Expected neutrino background for direct-detection experiments'

data_typeoflimit = {'Exclusion Plot','Other'}

formdefault_checked = 'checked'

formdefault_color = 'Blk'

formdefault_style = 'Dash'

data_units = {'GeV', 'cm^2'}

data_values = [0.513700000000000	1.51010000000000e-08
0.531600000000000	1.51010000000000e-08
0.550000000000000	1.51010000000000e-08
0.569100000000000	1.46360000000000e-08
0.588900000000000	1.41860000000000e-08
0.609400000000000	1.46360000000000e-08
0.630600000000000	1.51010000000000e-08
0.652400000000000	1.51010000000000e-08
0.675100000000000	1.55810000000000e-08
0.698500000000000	1.55810000000000e-08
0.722900000000000	1.60760000000000e-08
0.748000000000000	1.65860000000000e-08
0.774000000000000	1.60760000000000e-08
0.800900000000000	1.46360000000000e-08
0.828700000000000	1.37490000000000e-08
0.857500000000000	1.25180000000000e-08
0.887300000000000	1.13970000000000e-08
0.918100000000000	1.03760000000000e-08
0.950100000000000	9.44730000000000e-09
0.983000000000000	8.60140000000000e-09
1.01720000000000	7.83120000000000e-09
1.05260000000000	7.35640000000000e-09
1.08920000000000	6.91040000000000e-09
1.12700000000000	6.49150000000000e-09
1.16620000000000	5.91020000000000e-09
1.20670000000000	5.55190000000000e-09
1.24860000000000	5.21540000000000e-09
1.29200000000000	4.74840000000000e-09
1.33690000000000	4.46050000000000e-09
1.38340000000000	4.19010000000000e-09
1.43140000000000	3.81490000000000e-09
1.48120000000000	3.58360000000000e-09
1.53260000000000	3.36640000000000e-09
1.58590000000000	3.47330000000000e-09
1.64100000000000	3.36640000000000e-09
1.69800000000000	3.16230000000000e-09
1.75700000000000	2.97060000000000e-09
1.81810000000000	2.87910000000000e-09
1.88130000000000	2.87910000000000e-09
1.94660000000000	2.79050000000000e-09
2.01430000000000	2.79050000000000e-09
2.08430000000000	2.70460000000000e-09
2.15670000000000	2.70460000000000e-09
2.23170000000000	2.62130000000000e-09
2.30920000000000	2.54060000000000e-09
2.38950000000000	2.54060000000000e-09
2.47250000000000	2.46240000000000e-09
2.55840000000000	2.46240000000000e-09
2.64730000000000	2.46240000000000e-09
2.73930000000000	2.54060000000000e-09
2.83450000000000	2.62130000000000e-09
2.93300000000000	2.70460000000000e-09
3.03490000000000	2.87910000000000e-09
3.14040000000000	2.97060000000000e-09
3.24950000000000	3.06490000000000e-09
3.36250000000000	3.16230000000000e-09
3.47930000000000	3.26270000000000e-09
3.60020000000000	3.47330000000000e-09
3.72520000000000	3.58360000000000e-09
3.85480000000000	3.93610000000000e-09
3.98870000000000	4.06110000000000e-09
4.12730000000000	4.06110000000000e-09
4.27080000000000	4.19010000000000e-09
4.41920000000000	4.19010000000000e-09
4.57270000000000	4.60220000000000e-09
4.73160000000000	4.46050000000000e-09
4.89610000000000	4.46050000000000e-09
5.06620000000000	4.32320000000000e-09
5.24230000000000	4.19010000000000e-09
5.42430000000000	4.19010000000000e-09
5.61290000000000	3.93610000000000e-09
5.80800000000000	3.69740000000000e-09
6.00980000000000	3.36640000000000e-09
6.21860000000000	3.06490000000000e-09
6.43460000000000	2.87910000000000e-09
6.65830000000000	2.70460000000000e-09
6.88970000000000	2.46240000000000e-09
7.12910000000000	2.24190000000000e-09
7.37690000000000	2.17290000000000e-09
7.63320000000000	1.91740000000000e-09
7.89840000000000	1.63990000000000e-09
8.17290000000000	1.35940000000000e-09
8.45690000000000	9.34050000000000e-10
8.75080000000000	5.32020000000000e-10
9.05490000000000	2.93700000000000e-10
9.36960000000000	1.57140000000000e-10
9.69520000000000	6.75510000000000e-11
10.0321000000000	2.99600000000000e-11
10.3807000000000	1.10150000000000e-11
10.7414000000000	3.46340000000000e-12
11.1147000000000	1.58490000000000e-12
11.5009000000000	5.64740000000000e-13
11.9005000000000	4.13090000000000e-13
12.3141000000000	3.02170000000000e-13
12.7420000000000	2.21030000000000e-13
13.1848000000000	1.95040000000000e-13
13.6430000000000	1.77580000000000e-13
14.1171000000000	1.56700000000000e-13
14.6077000000000	1.38270000000000e-13
15.1153000000000	1.22020000000000e-13
15.6404000000000	1.07670000000000e-13
16.1840000000000	1.01140000000000e-13
16.7464000000000	9.50120000000000e-14
17.3284000000000	9.20870000000000e-14
17.9304000000000	8.65040000000000e-14
18.5535000000000	8.38410000000000e-14
19.1983000000000	7.87580000000000e-14
19.8655000000000	7.63340000000000e-14
20.5558000000000	7.17060000000000e-14
21.2701000000000	7.17060000000000e-14
22.0093000000000	6.94980000000000e-14
22.7741000000000	6.94980000000000e-14
23.5655000000000	6.94980000000000e-14
24.3844000000000	6.94980000000000e-14
25.2317000000000	6.73590000000000e-14
26.1085000000000	6.73590000000000e-14
27.0158000000000	6.73590000000000e-14
27.9546000000000	6.52850000000000e-14
28.9260000000000	6.52850000000000e-14
29.9312000000000	6.73590000000000e-14
30.9713000000000	6.94980000000000e-14
32.0476000000000	7.39840000000000e-14
33.1612000000000	7.63340000000000e-14
34.3136000000000	7.87580000000000e-14
35.5060000000000	8.12600000000000e-14
36.7398000000000	8.65040000000000e-14
38.0165000000000	8.92520000000000e-14
37.6932000000000	9.50120000000000e-14
38.0165000000000	9.50120000000000e-14
39.3376000000000	9.80300000000000e-14
40.7046000000000	1.01140000000000e-13
42.1190000000000	1.04360000000000e-13
43.5827000000000	1.07670000000000e-13
45.0972000000000	1.07670000000000e-13
46.6643000000000	1.11090000000000e-13
48.2859000000000	1.14620000000000e-13
49.9638000000000	1.18260000000000e-13
51.7000000000000	1.22020000000000e-13
53.4966000000000	1.25890000000000e-13
55.3556000000000	1.29890000000000e-13
57.2792000000000	1.29890000000000e-13
59.2697000000000	1.34020000000000e-13
61.3293000000000	1.38270000000000e-13
63.4605000000000	1.42670000000000e-13
65.6657000000000	1.47200000000000e-13
67.9476000000000	1.56700000000000e-13
70.3088000000000	1.66810000000000e-13
72.7520000000000	1.72110000000000e-13
75.2802000000000	1.77580000000000e-13
77.8961000000000	1.89040000000000e-13
80.6030000000000	2.01240000000000e-13
83.4040000000000	2.07630000000000e-13
86.3023000000000	2.14220000000000e-13
89.3013000000000	2.28050000000000e-13
92.4045000000000	2.42760000000000e-13
95.6155000000000	2.50480000000000e-13
98.9382000000000	2.66640000000000e-13
102.376300000000	2.75110000000000e-13
105.933900000000	2.83850000000000e-13
109.615100000000	2.92860000000000e-13
113.424200000000	3.02170000000000e-13
117.365700000000	3.11760000000000e-13
121.444100000000	3.11760000000000e-13
125.664300000000	3.21670000000000e-13
130.031100000000	3.31890000000000e-13
134.549700000000	3.42430000000000e-13
139.225300000000	3.53300000000000e-13
144.063400000000	3.64530000000000e-13
149.069500000000	3.76100000000000e-13
154.249700000000	3.76100000000000e-13
159.609900000000	3.88050000000000e-13
165.156200000000	4.00380000000000e-13
170.895500000000	4.13090000000000e-13
176.834000000000	4.26220000000000e-13
182.979000000000	4.26220000000000e-13
189.337600000000	4.39750000000000e-13
195.917100000000	4.53720000000000e-13
202.725200000000	4.68130000000000e-13
209.769900000000	4.83000000000000e-13
217.059400000000	4.98350000000000e-13
224.602100000000	5.14180000000000e-13
232.407100000000	5.30510000000000e-13
240.483300000000	5.47360000000000e-13
248.839900000000	5.64740000000000e-13
257.487200000000	5.82680000000000e-13
266.434900000000	6.01190000000000e-13
275.693500000000	6.20290000000000e-13
285.273800000000	6.20290000000000e-13
295.187100000000	6.39990000000000e-13
305.444700000000	6.60320000000000e-13
316.059000000000	6.81290000000000e-13
327.042100000000	7.02930000000000e-13
338.406800000000	7.48300000000000e-13
