file_name='SuperCDMS_SNOLAB_100kg_May2010.limit'

file_status='public'

data_label='SuperCDMS - 100 kg at SNOLAB'

data_comment='Cross-section data for scalar interaction normalised to nucleon'

data_reference='SuperCDMS Proposal'

private_comment='SuperCDMS Proposal 2008'

data_typeoflimit = {'Exclusion Plot','SI-Proj'}

formdefault_checked = 'checked'

formdefault_color = 'Blk'

formdefault_style = 'Dot'

data_units = {'GeV', 'cm^2'}

data_values = [
    8.203  3.235e-42
    8.620  5.678e-43
    9.057  2.139e-43
    9.517  1.047e-43
   10.000  5.568e-44
   11.220  3.049e-44
   12.589  1.293e-44
   14.125  6.578e-45
   15.849  3.793e-45
   19.953  1.571e-45
   25.119  7.609e-46
   31.623  4.711e-46
   39.811   3.65e-46
   50.119  3.174e-46
   63.096   3.12e-46
   79.433  3.312e-46
  100.000  3.726e-46
  125.893  4.264e-46
  158.489  5.078e-46
  199.526  6.158e-46
  251.189  7.529e-46
  316.228  9.188e-46
  398.107  1.142e-45
  501.187  1.416e-45
  630.957   1.76e-45
  794.328  2.196e-45
 1000.000  2.749e-45
 1258.925  3.447e-45
 1584.893  4.325e-45
 1995.262  5.427e-45
 2511.886  6.814e-45
 3162.278  8.567e-45
 3981.072  1.076e-44
 5011.872  1.354e-44
 6309.573  1.703e-44
 7943.282  2.142e-44
10000.000  2.696e-44]

data_values_rescale = [1 1]

param_halodensity = 0.3

param_halovelocity = 220
