file_name='TEXONO_Dec2007.limit'

file_status='public'

data_label='TEXONO 0.337 kg-d, Dec 2007'

data_comment='Cross-section data for scalar interaction normalised to nucleon'

data_reference='arXiv:0712.1645'

private_comment='DataThief from preprint v2'

data_typeoflimit = {'Exclusion Plot','SI-Exp'}

formdefault_checked = ''

formdefault_color = 'Blk'

formdefault_style = 'Line'

data_units = {'GeV', 'cm^2'}

data_values = [
2.8907 6.0067e-39
3.391 2.8674e-39
3.9779 1.5972e-39
4.6664 1.1041e-39
5.474 8.9057e-40
6.4213 7.6407e-40
7.5327 7.1911e-40
9.3441 6.9827e-40
10.3657 4.8253e-40
12.1597 2.9484e-40
14.2642 2.2358e-40
16.7329 1.8035e-40
19.6288 1.6458e-40
23.026 1.5975e-40
27.0111 1.5992e-40
31.6859 1.6511e-40
37.1698 1.8131e-40
43.6028 1.9911e-40
51.1492 2.1865e-40
60.0016 2.4764e-40
70.3861 2.8926e-40
82.5679 3.2761e-40
96.8579 3.7104e-40]

param_halodensity = 0.3

param_halovelocity = 220