file_name='WARP_0701286_40keV.limit'

file_status='public'

data_label='WARP 2.3L, 96.5 kg-days 40 keV threshold'

data_comment='Cross-section data for scalar interaction normalised to 
nucleon'

data_reference='Astropart. Phys. 28, 495 (2007), astro-ph/0701286 (40 keV threshold, 5 events 40-54 keV assumed to be background)'

data_typeoflimit = {'Exclusion Plot','SI-Exp'}

formdefault_checked = ''

formdefault_color = 'Mag'

formdefault_style = 'Dash'

data_units = {'GeV', 'cm^2'}

data_values = [
  15.4517       9.643e-41
  16.6139      4.8329e-41
  18.5232      2.1719e-41
  21.0298      1.0497e-41
  24.7572       5.166e-42
  28.6215      2.9405e-42
   35.578      1.6737e-42
  42.6502      1.1636e-42
   57.004      8.5424e-43
  94.7061      7.1225e-43
  154.517       8.089e-43
 210.2978      9.3552e-43
  313.374      1.2288e-42
 466.9725      1.7357e-42
 659.0185      2.3216e-42
1018.2959      3.4632e-42
1602.2283       5.073e-42
2344.6539      7.4311e-42
3557.7965      1.0885e-41
4842.1626      1.5099e-41
6958.5649      2.1328e-41
    10000      3.1242e-41
]

data_values_rescale = [1 1]

param_halodensity = 0.3

param_halovelocity = 220
